SLOT    ID        LENGTH         DIAMETER        XOFFSET        YOFFSET   COMMENT     IMAGE

  1   1001       55.000000       10.000000        0.000000        0.000000 "" ""
  2   1002       65.000000       10.000000        0.000000        0.000000 "" ""
  3   1003        3.000000        0.500000        0.000000        0.000000 "" "EndMill-z.wrl"
  7   2000        0.000000        0.000000        1.000000        2.000000 "Front NPTF Lathe tool" "NPTF Front.wrl"
 11   4001       29.600000        0.250000        0.000000     -480.000000 "" ""
 12   4002       -7.400000        0.250000     -160.000000     -100.000000 "" ""
 13   4003       -7.400000        0.250000     -140.000000     -100.000000 "" ""
 14   4004       -7.400000        0.250000     -120.000000     -100.000000 "" ""
 15   4005       -7.400000        0.250000     -100.000000     -100.000000 "" ""
 16   4006       -7.400000        0.250000     -120.000000     -140.000000 "" ""
 17   4007       -3.000000        0.250000     -120.000000     -180.000000 "" ""
 18   4008        3.000000        0.250000     -120.000000     -220.000000 "" ""
 19   4009        3.000000        0.250000     -120.000000     -260.000000 "" ""
 20   4010        3.000000        0.250000     -120.000000     -300.000000 "" ""
 21   4011        0.000000        0.000000        0.000000        0.000000 "" ""
 22   4012        0.000000        0.000000        0.000000        0.000000 "" ""
 23   4013        0.000000        0.000000        0.000000        0.000000 "" ""
 24   4014        0.000000        0.000000        0.000000        0.000000 "" ""
 25   4015        0.000000        0.000000        0.000000        0.000000 "" ""
 26   4016        0.000000        0.000000        0.000000        0.000000 "" ""
 27   4017        0.000000        0.000000        0.000000        0.000000 "" ""
 28   4018        0.000000        0.000000        0.000000        0.000000 "" ""
 29   4019        0.000000        0.000000        0.000000        0.000000 "" ""
 30   4020        0.000000        0.000000        0.000000        0.000000 "" ""
 31   4021        0.000000        0.000000        0.000000        0.000000 "" ""
